310381
530845
949484
439779
702324
603662
174603
984189
423964
572429
701063
184743
103290
950233
704974
205132
620974
750003
928582
257574
767992
339752
967242
672435
973005
497501
527741
639340
197600
224871
119611
754499
335336
741931
888845
665158
254613
580380
514837
733416
308808
202425
602491
529263
580061
512165
818623
965017
894064
367041
509519
882979
085308
660104
904028
598071
039008
904227
121480
821467
327017
778372
041670
173378
033618
574975
384609
438108
288010
296891
312963
115792
643226
457132
484805
103653
217926
459106
853289
192006
469548
203903
828502
274313
929206
416548
005907
234530
646357
639957
878268
470905
843373
913235
709242
799355
880870
682506
389472
565374
049334
047746
738881
352476
351647
898118
382606
302660
972353
097105
047274
882175
162112
025041
757825
109257
976058
176161
436460
118100
880333
429177
245842
665329
986188
361120
867508
231003
976941
967667
607459
771659
009383
184208
365661
020237
689604
603526
976277
519706
566518
177503
771682
931354
896794
063070
346529
949970
115972
385050
115497
260168
850200
102843
304987
986685
175358
236802
512768
359235
385965
674604
185502
693399
022905
486145
838211
047599
377960
645378
477473
962570
594733
244029
626219
447768
500989
853769
696627
169405
180277
898113
725980
587072
508663
065187
325666
380529
631189
988261
528655
081944
464966
506513
351032
930645
334541
042888
024131
214883
035774
965652
097958
700790
925010
479839
942826
169970
864901
225928
170044
127732
386814
026975
186142
480475
307782
255174
312608
555415
301060
699503
617379
917862
366533
554344
313707
973251
148030
459944
960410
438674
057792
306049
065396
633262
291615
314772
795295
648380
072633
462550
407702
645914
555629
161001
521579
218906
473162
679568
890358
247342
009935
710284
892250
340365
802291
134075
084784
524485
535620
652027
945642
716831
710122
383052
750758
435621
558789
249339
371698
887031
927209
799881
889784
816687
904298
584846
241220
045499
694024
013323
012132
673061
051453
879210
974588
176619
341431
653258
689067
147448
479292
817609
066876
509352
647766
899844
365113
338080
399172
515098
304907
871648
390536
572225
344523
485086
622241
799127
141131
785350
453194
438063
912713
393134
443619
616540
420158
158442
240032
677803
276905
585485
594682
122389
327931
943516
859778
538217
608793
156963
187090
225827
384691
872060
667531
261073
048463
450435
981368
610293
544575
547871
675653
021854
055045
762660
070975
218974
548233
623291
072299
817291
732852
269050
838991
653050
991308
849439
001052
458097
176525
221219
086665
438684
381314
677288
215174
528526
009442
419803
479514
196279
680923
889361
389654
478098
162679
311288
146100
876328
824749
627001
292416
856845
647237
827972
612421
450191
058036
438580
856062
053115
209953
192213
194357
770565
585913
231728
298538
939206
596727
049563
924128
229649
921087
604568
120562
947867
194828
640328
493102
204110
780231
311489
058488
032754
062694
797384
246067
798837
515985
430585
700808
177814
092312
525428
774966
133167
242438
928725
637821
127699
929920
024794
896116
905677
617848
578221
435206
166556
248449
916051
662578
462395
421538
320498
392404
831029
093753
259021
861106
387479
212289
469210
411750
041751
545891
641309
925014
603342
151059
486219
886427
814522
461540
628054
160259
102411
159975
350408
169046
965755
530897
858020
553261
039274
189729
218887
182124
343211
188400
858192
403806
688341
291958
604085
351558
300408
419076
629535
289179
121252
800620
105700
589247
370558
776595
117995
666616
430048
801088
676663
375748
010593
557004
712840
160570
303246
120634
818288
065012
294097
874340
329267
460457
755755
355902
920814
852705
876431
662163
460794
116979
649413
359695
691759
418648
900365
550510
814195
554119
775727
119044
562216
444831
291026
711675
934268
002265
644875
859373
389525
787303
906681
758923
339912
557883
775796
224313
509170
679005
552282
380276
788108
239847
563407
577145
195800
377489
573148
338278
557219
492982
035894
010749
063951
958509
111208
327290
537091
375412
465017
811306
047416
354480
565407
614447
411525
894427
240656
881090
641049
476816
534482
498913
239268
940450
083155
612965
749878
733678
153793
528721
810159
243700
063804
428579
688769
271029
826976
128027
921288
747413
588605
074231
200380
860934
522131
606715
770941
890455
871519
510736
661587
181473
859429
204472
269006
377399
449878
539176
876764
993522
049752
200177
890063
821185
098719
656291
605590
817247
031432
101471
554302
969387
284048
955182
206423
879725
915711
894848
859610
975886
239257
227201
896451
379770
464031
671217
628900
386228
321750
348527
859660
357640
050179
896342
316219
167046
230555
422587
246247
401228
882198
808211
630386
138853
225094
826145
402034
598903
086009
060886
473331
715657
323129
673157
273787
017423
386164
525903
598041
621065
263414
087727
836595
344275
898453
501489
218097
594454
796313
939342
865974
090959
533479
912008
266630
998286
420681
589376
486171
205128
615364
463410
328756
848232
211659
832788
517012
525946
281442
761173
718684
129146
245863
303292
886279
654972
761970
254948
273973
790441
984717
001197
125556
001198
229785
990567
975396
194302
042274
435141
462338
812533
857001
813893
258983
541566
488973
249996
056955
626719
104458
039353
441663
359508
233047
436814
924396
829656
015046
004370
808622
463348
512790
888172
531648
064894
625019
559249
062728
831933
347539
150725
238333
316537
412775
009529
694952
822377
906448
578323
918668
664031
835064
757266
709108
922914
826632
254657
107865
953398
895054
074444
357441
046768
961000
736781
433749
270583
727948
208919
759691
238403
079907
961860
842764
746048
670875
582170
124649
107273
209271
360772
428376
036037
915177
987700
529781
573655
565648
408818
110091
277095
358005
143644
411576
439408
782697
160329
031382
093887
760602
866047
316736
654323
600462
960449
588057
098917
505584
267847
295368
190365
940244
296900
517901
421555
756787
545102
847324
613299
826878
069974
312784
559247
716588
642398
696676
712205
865981
725760
740592
703484
097620
778364
675297
564722
592280
937576
908906
798358
216543
474934
306269
573231
164799
755996
145568
710108
244539
311350
849295
971474
064367
120517
787123
816354
673428
168539
019808
785106
503672
871999
110132
246832
440296
812008
727283
670421
899451
239078
793672
597056
131449
183784
529442
506152
674254
575226
455608
185389
109817
513561
208082
790473
024202
778102
523824
466080
336694
676119
836050
882152
276959
562910
177123
062371
260409
113502
389825
957881
771347
674046
156885
646492
117196
952371
648983
841816
025308
595736
913888
001993
736635
796129
632446
548119
932923
685636
844361
568386
304298
064554
050968
377361
232443
910787
464227
133597
133556
656709
899956
335655
992296
966437
734753
049511
451023
303990
838718
842984
999933
864372
953961
774465
585633
794946
579662
981535
151756
504817
915301
927217
818863
574167
409793
758080
329142
104656
281716
882583
845240
791381
082025
558368
472312
024171
490123
783018
941008
053057
948316
910998
499306
729309
530578
